420
========================================
[0]
樂楨
21 21
54793 54253
56819 71756
86 62
98529 90390
805 939
====================
[1]
樂楨
20 8
47882 43528
55515 51920
62 85
71834 78238
806 842
====================
[2]
樂楨
26 22
72325 65180
102633 111634
113 91
147430 145150
1085 1099
====================
[3]
樂楨
28 16
48372 39725
63891 50266
63 57
82456 78126
668 593
====================
[4]
樂楨
33 26
67689 57602
101718 88321
107 119
121396 128261
923 890
====================
[5]
樂楨
35 16
60276 43742
79173 61191
73 68
87173 102240
852 646
====================
[6]
樂楨
39 19
58001 45414
81015 67468
72 52
95043 100736
807 730
====================
[7]
樂楨
24 7
53240 38212
58364 46984
74 71
80209 83309
835 719
====================
[8]
樂楨
35 32
54189 51656
86850 92194
60 79
116254 104814
767 712
====================
[9]
樂楨
30 11
46478 35226
72214 44617
56 66
71699 92636
650 563
====================
[10]
樂楨
36 23
65999 56276
117304 80927
89 104
107907 139382
900 875
====================
[11]
樂楨
28 10
41333 31572
55954 36945
41 42
55099 70202
590 533
====================
[12]
樂楨
20 7
37569 28834
42439 25193
36 38
42870 58014
617 524
====================
[13]
樂楨
7 6
31010 24690
34866 26536
34 34
42076 46858
453 433
====================
[14]
樂楨
44 21
71361 58483
97838 81498
104 104
122204 130092
1073 950
====================
[15]
樂楨
22 7
46776 34880
42267 38088
53 55
62483 58844
752 709
====================
[16]
樂楨
22 5
46081 34057
57832 34371
62 57
58367 77333
751 705
====================
[17]
樂楨
58 40
80450 73709
173291 121944
124 108
153833 206900
963 990
====================
[18]
樂楨
24 13
41221 30853
50662 38163
50 53
58683 64115
581 497
====================
[19]
樂楨
29 21
65097 57398
104374 75985
111 87
103338 134512
968 1025
====================
[20]
樂楨
34 18
69527 57829
97615 80930
107 116
115571 121194
1065 980
====================
[21]
樂楨
19 16
67695 58323
83910 70253
107 99
114770 112555
1129 1085
====================
[22]
樂楨
38 16
60009 45777
77963 61090
91 86
99818 96928
826 750
====================
[23]
樂楨
35 17
50262 41615
86222 57204
60 51
83261 105746
716 662
====================
[24]
樂楨
6 2
39017 27518
44389 34227
40 42
59608 57274
601 492
====================
[25]
樂楨
32 15
53482 41443
76830 53733
88 71
80719 101336
749 735
====================
[26]
樂楨
5 10
50816 43554
68375 53744
49 69
94429 85492
813 719
====================
[27]
樂楨
28 14
70611 57896
72999 57491
120 126
92333 94539
1185 1085
====================
[28]
樂楨
34 20
60099 51272
98222 67053
95 81
96883 125775
827 778
====================
[29]
樂楨
32 15
65126 54109
97123 68328
120 109
94921 129054
985 964
====================
[30]
樂楨
16 6
32087 24263
29607 32206
39 34
45703 39659
497 441
====================
[31]
樂楨
33 24
63160 57805
76657 85901
117 109
109342 103315
931 942
====================
[32]
樂楨
30 24
59087 50607
85853 65727
77 106
93970 105190
907 789
====================
[33]
樂楨
40 18
73763 58574
114488 76519
107 88
126052 138443
1136 1033
====================
[34]
樂楨
25 16
66528 59487
89284 73876
109 120
105463 109723
987 1039
====================
[35]
樂楨
38 37
65418 62349
92877 95181
69 81
122598 114843
881 894
====================
[36]
樂楨
23 9
46347 34468
51416 39123
63 51
66563 65020
735 667
====================
[37]
樂楨
18 7
42566 33738
37878 33714
68 69
60221 57792
705 688
====================
[38]
樂楨
44 31
81245 69334
132139 115233
116 117
158316 167485
1163 1079
====================
[39]
樂楨
37 12
48962 33239
63122 43625
58 45
71782 73357
668 540
====================
[40]
樂楨
37 19
58562 44245
89775 65131
66 58
100675 111451
809 662
====================
[41]
樂楨
41 34
69949 70583
132564 122530
113 116
156198 168456
971 922
====================
[42]
樂楨
26 3
34876 20587
38713 19749
36 32
36800 46294
563 357
====================
[43]
樂楨
26 4
50905 37186
52137 32804
75 79
62838 68536
816 724
====================
[44]
樂楨
38 14
66674 52184
101655 69312
120 85
109273 125361
981 889
====================
[46]
樂楨
31 12
57345 45229
72679 68178
75 71
93520 93629
819 812
====================
[47]
樂楨
2 5
40320 33366
47024 32930
60 56
52583 62017
628 569
====================
[48]
樂楨
25 10
48515 41251
59390 40908
72 55
69171 79308
807 797
====================
[49]
樂楨
21 11
52000 44364
72991 47499
70 72
71385 102834
821 819
====================
[50]
樂楨
33 28
68687 60763
117006 90720
94 77
135904 133424
1039 945
====================
[51]
樂楨
39 26
67067 59206
102290 82352
120 101
108707 125384
923 954
====================
[52]
樂楨
35 18
57002 45578
89901 75264
64 68
101913 107315
792 693
====================
[53]
樂楨
28 9
39507 27407
43596 32301
40 34
52245 54615
539 454
====================
[54]
樂楨
38 18
50195 35132
64347 49632
55 51
75777 78389
630 536
====================
[55]
樂楨
35 22
68959 64313
112139 95910
109 119
124420 138137
1060 989
====================
[56]
樂楨
10 3
50006 36956
66079 46898
54 56
72812 80442
715 627
====================
[57]
樂楨
31 17
58532 44573
88132 76253
78 67
108781 104858
789 748
====================
[58]
樂楨
43 19
55948 41653
89035 55296
66 53
76936 106037
700 598
====================
[59]
樂楨
25 25
58824 52193
77379 73108
90 87
99019 104361
874 856
====================
[60]
樂楨
23 13
47562 40252
57955 50863
64 37
72356 76931
717 646
====================
[61]
樂楨
22 15
42450 38530
51142 54125
53 49
74653 66794
631 660
====================
[62]
樂楨
26 7
38059 24902
37485 35820
46 36
54462 45860
543 419
====================
[63]
樂楨
29 24
65030 59929
82966 63912
97 97
88531 106839
951 1010
====================
[64]
樂楨
25 14
57920 49248
73756 50962
88 58
85368 95572
899 857
====================
[65]
樂楨
8 2
70544 60480
84189 64195
117 91
93064 106317
1002 931
====================
[66]
樂楨
7 4
50478 36360
64894 51874
62 39
77959 78212
660 566
====================
[67]
樂楨
15 3
33037 22192
36131 20921
33 28
37800 45527
460 381
====================
[68]
樂楨
21 13
40001 32787
49494 35318
62 51
51611 63535
544 527
====================
[69]
樂楨
34 25
59456 48530
76968 72628
85 92
98834 98711
760 638
====================
[70]
樂楨
33 14
65500 55004
104184 63271
91 106
101831 132112
900 975
====================
[71]
樂楨
9 6
29878 25600
19357 18212
45 48
29555 36570
523 494
====================
[72]
樂楨
26 12
52009 40453
50485 39348
89 82
64794 67274
824 671
====================
[73]
樂楨
22 17
49393 41946
68270 47347
83 84
73156 84792
797 699
====================
[74]
樂楨
25 10
41929 29160
50321 26871
44 37
45525 64591
522 474
====================
[75]
樂楨
32 31
68613 62282
110094 95135
107 98
119066 140094
905 918
====================
[76]
樂楨
20 16
45103 39032
50333 45325
54 71
65519 68644
662 625
====================
[77]
樂楨
32 25
66297 63355
90026 90229
104 107
111416 113159
1033 961
====================
[78]
樂楨
34 25
63405 51183
94389 72198
88 82
94338 113014
832 780
====================
[79]
樂楨
19 11
72098 61032
68102 68896
127 121
115559 96134
1314 1262
====================
[80]
樂楨
33 11
52521 38716
67508 48422
69 52
76665 84550
736 664
====================
[81]
樂楨
23 22
60770 55115
83650 69736
89 99
99588 108227
937 954
====================
[82]
樂楨
20 5
40414 26852
41396 26578
56 37
47846 53113
612 485
====================
[83]
樂楨
44 26
65589 51398
116237 88881
75 70
120418 142143
864 742
====================
[84]
樂楨
4 7
64122 55033
70522 60625
125 116
97821 98321
1059 992
====================
[85]
樂楨
28 23
58710 54504
74084 70095
99 77
89871 106905
861 886
====================
[86]
樂楨
27 17
48611 39504
59102 38540
67 51
56570 73576
683 560
====================
[87]
樂楨
28 9
47259 34540
62334 40686
54 43
62259 74597
611 629
====================
[88]
樂楨
28 12
46463 32812
54507 32996
44 44
60003 69400
671 513
====================
[89]
樂楨
5 2
35297 30031
32532 27003
53 29
42013 46687
550 594
====================
[90]
樂楨
33 23
63964 50186
96934 73564
92 95
110211 115970
982 764
====================
[91]
樂楨
29 17
51445 43405
54168 48042
52 53
68352 77239
718 658
====================
[92]
樂楨
30 3
38685 23483
48620 23721
31 30
45958 61209
503 409
====================
[93]
樂楨
31 12
51843 35347
69682 48345
77 41
76034 85100
724 618
====================
[94]
樂楨
40 19
68725 58460
97163 90326
127 94
119681 127597
926 1035
====================
[95]
樂楨
24 15
50444 42173
68434 51023
58 69
72422 92090
729 707
====================
[97]
樂楨
28 20
63027 57703
106741 68740
76 92
96830 140603
943 921
====================
[98]
樂楨
24 14
56188 49112
71489 59839
87 68
86036 96947
861 842
====================
[99]
樂楨
37 24
85118 81030
119085 123503
160 198
158588 144870
1320 1235
====================
[100]
樂楨
40 16
58393 41654
87950 61300
78 60
94918 106022
789 607
====================
[101]
樂楨
30 17
54733 41025
91981 59800
81 71
95324 113627
750 621
====================
[102]
樂楨
40 21
56027 45395
91266 62941
67 66
92773 108000
718 661
====================
[103]
樂楨
6 10
51442 44202
59073 74479
87 81
94348 80008
749 670
====================
[104]
樂楨
34 16
61387 48488
76798 71400
77 70
109981 95012
958 774
====================
[105]
樂楨
38 38
77982 72711
158620 132141
102 110
162277 193280
992 1093
====================
[106]
樂楨
38 12
63611 48855
103737 65891
114 89
98772 131055
897 875
====================
[107]
樂楨
34 12
58777 43049
75529 60005
84 81
92234 99664
816 776
====================
[108]
樂楨
5 2
53635 40244
58819 39680
52 65
66041 76218
812 706
====================
[109]
樂楨
22 14
43349 37988
55887 44859
66 44
64965 69496
649 580
====================
[110]
樂楨
27 35
59075 59405
88147 86722
79 109
113502 113187
669 826
====================
[111]
樂楨
39 26
62189 57669
90663 77383
104 73
97835 114770
761 787
====================
[112]
樂楨
34 15
61504 48096
68606 73054
83 82
103529 97626
813 788
====================
[113]
樂楨
42 35
73472 66593
115858 111226
126 96
142843 137727
998 849
====================
[114]
樂楨
15 7
54190 43599
48433 31640
111 107
59467 67950
1000 903
====================
[115]
樂楨
5 15
54894 40788
70112 50918
68 87
72443 91442
771 777
====================
[116]
樂楨
43 22
63596 52861
99704 85897
82 87
116326 124112
796 764
====================
[117]
樂楨
35 23
76841 59691
106240 81063
130 101
114563 134143
1001 991
====================
[118]
樂楨
30 14
57172 49824
77882 58187
98 89
82321 96689
816 777
====================
[119]
樂楨
7 12
62786 50709
83751 70176
76 77
100779 107287
901 847
====================
[120]
樂楨
40 11
54018 37387
68298 51230
70 59
78622 85312
715 614
====================
[121]
樂楨
34 8
46692 32696
64335 38315
71 52
74508 76526
604 522
====================
[122]
樂楨
14 4
34340 25483
33752 24204
43 41
39529 43116
607 517
====================
[123]
樂楨
4 10
81620 77705
124409 107859
135 126
141563 163636
1223 1207
====================
[124]
樂楨
39 16
56344 44225
79280 61900
55 70
82114 95676
757 687
====================
[125]
樂楨
23 9
36093 25768
41012 28182
41 39
50291 53006
457 366
====================
[126]
樂楨
26 29
56552 53983
78382 64278
85 78
91516 100184
826 785
====================
[127]
樂楨
24 3
30814 16982
32286 17654
25 19
31018 38258
375 202
====================
[128]
樂楨
47 24
65678 49101
104480 85804
82 74
123488 120501
859 672
====================
[129]
樂楨
24 13
47188 37981
58834 45833
60 73
67480 75972
714 634
====================
[130]
樂楨
33 17
62961 52337
81075 71584
106 127
97529 103828
849 860
====================
[131]
樂楨
23 8
53163 40070
57076 37870
82 65
65304 79246
791 729
====================
[132]
樂楨
10 6
54302 41961
77362 57445
78 81
86603 88739
812 674
====================
[133]
樂楨
34 14
57587 44581
71329 50246
86 82
86574 88042
854 754
====================
[134]
樂楨
32 25
63843 60151
82870 101225
93 83
130851 112840
868 901
====================
[135]
樂楨
33 26
71318 67226
121099 98862
132 87
131864 149846
1066 1169
====================
[136]
樂楨
40 23
58785 44647
91852 66608
74 75
97113 110380
732 605
====================
[137]
樂楨
36 17
54561 42399
67375 56991
68 85
83226 89258
718 673
====================
[138]
樂楨
26 22
52745 45464
71594 52922
82 87
76099 87180
745 715
====================
[139]
樂楨
36 21
66458 54596
89150 71009
82 74
112478 113313
962 882
====================
[140]
樂楨
41 18
60368 47167
90323 63639
91 85
100418 110479
794 745
====================
[141]
樂楨
28 30
63294 58617
99416 100469
89 94
126400 127784
907 902
====================
[142]
樂楨
27 11
48136 39509
56995 44368
70 78
62031 72622
719 677
====================
[143]
樂楨
25 11
46323 34534
58620 41807
50 52
62861 71188
658 589
====================
[144]
樂楨
8 5
57171 47268
55896 43595
75 86
74661 73157
888 900
====================
[145]
樂楨
19 6
42068 30671
50694 38462
60 55
59974 63462
679 531
====================
[146]
樂楨
29 19
70495 61135
97827 79320
122 102
107242 130531
1071 1079
====================
[147]
樂楨
6 9
54346 50664
81202 80566
64 90
107731 102040
778 880
====================
[148]
樂楨
29 19
57630 49243
62264 64570
85 77
92103 80145
835 815
====================
[149]
樂楨
28 25
81215 75885
116801 108131
150 112
150789 160923
1320 1250
====================
[150]
樂楨
17 23
66746 66827
98722 80505
116 111
112084 130533
1126 1121
====================
[151]
樂楨
34 16
61814 52580
71690 80025
100 89
107342 95845
902 836
====================
[152]
樂楨
27 9
48676 36452
58461 39320
52 51
62602 76919
665 622
====================
[153]
樂楨
37 25
83382 80043
122698 101329
146 128
138966 156641
1199 1244
====================
[154]
樂楨
9 8
47909 41505
58928 50784
68 65
74113 80626
731 688
====================
[155]
樂楨
26 25
61450 55119
96098 80116
101 89
120572 116092
1004 755
====================
[156]
樂楨
33 38
80876 74429
124202 119764
94 136
162515 157641
1111 1041
====================
[157]
鼠濛嬪 識溘瞪
28 29
43979 41199
59066 54775
0 0
70028 62272
150 129
====================
[158]
樂楨
25 17
55153 48166
76470 49679
89 87
81059 97640
869 820
====================
[159]
樂楨
34 27
52347 42949
74332 58095
51 56
76324 89839
675 558
====================
[160]
樂楨
39 20
59166 47916
91412 66387
52 64
92381 111302
714 683
====================
[161]
樂楨
28 12
58903 45405
79246 58085
73 76
89621 98305
887 778
====================
[162]
樂楨
6 6
39951 29837
47379 30090
51 48
49123 56793
609 504
====================
[163]
樂楨
39 19
68186 56395
100647 73058
76 92
103083 126856
1035 906
====================
[164]
樂楨
19 3
33209 24014
36453 20124
31 39
36206 48976
511 444
====================
[166]
樂楨
30 29
73378 72250
100677 113474
135 89
150433 133945
1194 1064
====================
[167]
樂楨
21 6
42697 31459
36782 29145
73 62
51392 50963
641 621
====================
[168]
樂楨
18 10
39145 31633
50269 36686
52 53
53259 62506
581 514
====================
[169]
樂楨
18 6
51287 39620
44757 37197
83 99
56634 67422
895 804
====================
[170]
樂楨
34 11
59324 41283
82334 60755
65 93
89939 101534
831 690
====================
[171]
樂楨
27 15
56373 46409
70773 48820
79 68
67745 95703
850 804
====================
[172]
樂楨
26 21
67697 55794
84007 88077
94 80
122409 108414
1043 877
====================
[173]
樂楨
16 10
42030 37760
41819 35107
80 48
57320 58507
708 687
====================
[174]
樂楨
39 36
81316 77252
121054 124668
114 109
159522 151554
1044 1113
====================
[175]
樂楨
34 22
71851 64321
93390 84653
96 110
109668 130342
1069 1078
====================
[176]
樂楨
30 21
51224 40913
63600 51707
66 48
81800 77935
742 547
====================
[177]
樂楨
31 29
75314 66390
123748 118876
121 124
154628 152009
1115 996
====================
[178]
樂楨
37 23
71065 59623
114886 82391
149 121
118817 139684
967 917
====================
[179]
樂楨
3 4
46657 34951
45816 57089
58 57
84844 54398
773 572
====================
[180]
樂楨
25 5
39982 22536
44648 27190
34 42
46811 53071
537 319
====================
[181]
樂楨
30 16
54876 43767
68902 68016
79 57
96945 89819
799 695
====================
[182]
樂楨
26 13
58893 48874
86047 53776
88 79
85661 105730
925 878
====================
[183]
樂楨
42 33
68894 60169
123335 102410
84 83
141472 149901
935 768
====================
[184]
樂楨
18 9
47168 35273
50417 34253
75 63
57628 64662
730 620
====================
[185]
樂楨
2 6
45640 37935
33080 31284
81 88
52875 50472
814 791
====================
[186]
樂楨
8 11
63745 59215
83355 67097
98 99
92916 104644
988 1014
====================
[187]
樂楨
31 11
50296 44483
73822 47698
73 63
80885 90803
760 750
====================
[188]
樂楨
27 12
49495 42836
74947 56907
70 61
86640 91830
676 681
====================
[189]
樂楨
24 10
50634 41514
58889 46921
76 79
73974 76195
844 752
====================
[190]
樂楨
29 16
57112 48364
75782 67556
63 85
96980 101115
813 829
====================
[191]
樂楨
37 22
54585 46178
72836 65545
71 67
91972 93305
657 655
====================
[192]
樂楨
33 16
55817 41925
73127 54249
57 67
89473 91006
779 642
====================
[193]
樂楨
17 8
53545 40812
59024 43891
89 99
70423 77417
881 803
====================
[194]
樂楨
1 4
27580 15728
17834 12603
18 16
27546 23374
415 239
====================
[195]
樂楨
23 8
42662 32083
42874 39912
51 46
59700 61250
587 544
====================
[196]
樂楨
25 17
52756 47653
61475 44305
90 80
69254 80552
759 769
====================
[197]
樂楨
44 14
54407 35103
88694 52161
50 44
80842 100823
637 481
====================
[198]
樂楨
29 33
74159 71097
92953 99355
96 89
134915 122304
1154 1055
====================
[199]
樂楨
33 17
65962 56253
79017 71552
100 97
101014 104255
970 928
====================
[200]
樂楨
6 6
53343 42630
64704 56333
77 83
82494 85236
862 770
====================
[201]
樂楨
17 6
48940 34451
61492 30688
69 46
58445 85836
761 659
====================
[202]
樂楨
34 11
50845 36339
65679 42885
50 42
64458 82344
608 571
====================
[203]
樂楨
27 18
67124 56437
83521 76763
92 84
104001 111891
979 993
====================
[204]
樂楨
7 5
62665 56070
75630 64883
97 105
93301 99332
978 989
====================
[205]
樂楨
19 12
66579 67377
84608 69249
146 122
108788 116950
1091 1183
====================
[206]
樂楨
26 6
44687 26972
54946 27505
51 39
50282 64708
631 419
====================
[207]
樂楨
24 9
59285 50542
80707 75779
75 72
116120 111803
781 920
====================
[208]
樂楨
25 5
39012 28762
47346 31495
46 45
62131 60191
510 494
====================
[209]
樂楨
6 5
65006 54109
76496 76472
118 103
105966 91791
1008 945
====================
[210]
樂楨
18 10
61590 53450
66612 56119
121 97
83905 94316
1007 1023
====================
[211]
樂楨
24 8
39217 28717
47517 32873
54 39
50962 60324
556 466
====================
[212]
樂楨
22 13
50705 44801
52242 41159
81 97
58806 74707
797 787
====================
[213]
樂楨
18 24
75478 73209
127693 105009
152 164
149686 157522
1169 1251
====================
[214]
樂楨
27 10
54213 41815
67607 67289
75 91
96457 93151
823 695
====================
[215]
樂楨
27 11
52757 40892
57629 38675
76 58
67859 72498
743 707
====================
[216]
樂楨
23 25
67508 64780
81493 77015
96 112
110732 100549
1106 995
====================
[217]
樂楨
27 16
59952 52015
83650 89092
85 92
114567 108784
946 879
====================
[218]
樂楨
39 17
59121 42281
86972 49141
71 76
78143 105611
744 596
====================
[219]
樂楨
30 11
50592 39098
64435 44633
64 51
68895 83780
727 678
====================
[220]
樂楨
39 28
67142 56961
118804 86231
91 83
116687 143180
915 869
====================
[221]
樂楨
30 14
61344 46999
78370 55561
68 85
85656 97764
912 773
====================
[222]
樂楨
22 11
53887 41161
69957 45886
66 77
76952 93607
865 752
====================
[223]
樂楨
39 10
49896 35105
70648 51364
46 58
82615 80611
670 468
====================
[224]
樂楨
36 19
60368 46568
80987 61879
69 88
86297 101706
792 677
====================
[225]
樂楨
36 12
49291 35702
69967 36619
57 42
61667 83751
607 548
====================
[226]
樂楨
10 3
35844 24500
34578 22903
42 36
39094 41534
483 395
====================
[227]
樂楨
36 31
69883 67225
99470 92209
103 110
131103 122882
958 952
====================
[228]
樂楨
24 24
48369 49037
66404 67717
58 70
90745 87715
662 683
====================
[229]
樂楨
26 18
50468 40144
74960 66991
64 64
94529 88482
696 656
====================
[230]
樂楨
30 11
43702 32402
52687 40987
57 48
63896 66990
634 503
====================
[231]
樂楨
44 13
55505 39009
98582 67496
69 52
101310 116085
713 580
====================
[232]
樂楨
29 30
69919 63612
106450 113299
109 127
147834 130652
964 916
====================
[233]
樂楨
11 4
38405 27722
46540 29455
45 44
42935 54725
532 469
====================
[234]
樂楨
23 22
45804 40302
68809 56391
56 62
72904 89091
665 603
====================
[235]
樂楨
30 9
38108 28035
52335 41092
38 39
62974 66210
509 436
====================
[236]
樂楨
24 10
49719 35474
52944 32228
55 55
56694 70616
690 630
====================
[237]
樂楨
26 17
52066 40835
70897 55902
67 52
83054 89356
764 645
====================
[238]
樂楨
6 6
43360 31423
54538 45291
42 45
65871 69620
599 528
====================
[239]
樂楨
29 29
63211 60740
95037 86672
83 80
118178 114608
902 832
====================
[240]
樂楨
9 5
59243 49480
89844 58764
87 85
83026 111484
864 758
====================
[241]
樂楨
27 20
57706 48523
74829 52726
80 100
80838 93917
905 817
====================
[242]
樂楨
31 13
56752 42180
74291 57482
87 60
84291 93230
778 738
====================
[243]
樂楨
28 19
54802 46739
79576 61245
76 72
86384 100777
720 747
====================
[244]
樂楨
37 30
68292 60306
102910 99086
83 105
132519 127783
806 828
====================
[245]
樂楨
32 16
72325 60844
96179 115703
143 106
156364 122566
1114 1011
====================
[246]
樂楨
40 18
56638 42151
71939 58531
65 67
84872 85746
731 584
====================
[247]
樂楨
31 17
60547 48846
90625 74597
69 80
103586 113134
930 781
====================
[248]
樂楨
24 14
53172 43006
63425 52238
65 77
72448 81345
817 700
====================
[249]
樂楨
18 5
44867 34841
41437 32483
60 56
55294 57518
787 653
====================
[250]
樂楨
32 11
45396 33745
65214 49766
58 35
78032 81508
537 524
====================
[251]
樂楨
28 14
53502 42366
65836 43480
59 77
72242 83940
783 717
====================
[252]
樂楨
24 19
66557 51861
97561 59794
104 91
87477 120380
992 861
====================
[253]
樂楨
10 5
28920 26563
27943 19497
43 45
30506 39899
520 503
====================
[254]
樂楨
37 23
61160 52447
98651 81865
83 59
123655 118010
815 695
====================
[255]
樂楨
7 9
57810 46522
69636 49298
58 70
80797 96459
855 861
====================
[256]
樂楨
32 20
76178 68694
110842 136743
136 108
166447 144721
1112 1142
====================
[257]
樂楨
32 20
53549 45185
65352 58929
67 62
81816 81015
688 630
====================
[258]
樂楨
29 12
55307 45085
76669 47231
80 62
74622 95648
812 807
====================
[259]
樂楨
22 7
48163 35968
64201 47235
59 54
73930 83395
753 665
====================
[260]
樂楨
24 10
47809 36154
62285 34761
58 66
53787 74191
738 580
====================
[261]
樂楨
33 13
56768 45576
75208 43435
70 70
65300 101392
765 800
====================
[262]
樂楨
28 6
43498 32306
56569 41561
54 50
67243 68741
677 576
====================
[264]
樂楨
34 18
56822 46749
78446 60948
64 81
82024 97366
791 743
====================
[265]
樂楨
25 14
57617 43366
65956 49008
107 74
85338 83754
838 801
====================
[266]
樂楨
25 11
42936 36740
58870 51378
60 63
69779 72287
619 606
====================
[267]
樂楨
32 23
64766 55245
92960 77652
110 106
108054 114097
991 810
====================
[268]
樂楨
39 12
54260 34722
77337 49730
50 51
74708 89832
631 516
====================
[269]
樂楨
40 16
60500 48302
98019 60000
61 88
93296 122682
805 713
====================
[270]
樂楨
44 19
51046 37579
68363 41830
59 66
58951 79144
529 455
====================
[271]
樂楨
37 14
51616 39502
84287 50499
55 50
85271 96452
719 580
====================
[272]
樂楨
25 17
60260 45305
79338 61173
70 95
97174 98929
986 750
====================
[273]
樂楨
22 10
35327 28696
40451 30618
50 37
49762 55443
527 474
====================
[274]
樂楨
40 22
67578 51694
102395 77054
91 92
114655 119911
960 729
====================
[275]
樂楨
22 9
49513 38086
54509 42043
63 59
67544 72234
727 725
====================
[277]
樂楨
28 13
56355 44647
64585 48795
67 74
77060 81493
886 788
====================
[278]
樂楨
41 16
48356 39862
66120 46732
40 47
75613 83654
546 552
====================
[279]
樂楨
26 12
55306 41078
71391 42947
67 56
74550 88017
727 653
====================
[280]
樂楨
30 19
59402 55296
76084 79795
90 86
115379 100575
881 896
====================
[281]
樂楨
31 16
63742 49880
95167 76448
96 88
115177 114875
922 822
====================
[282]
樂楨
25 10
52953 40537
68566 38430
73 70
65827 88028
776 750
====================
[283]
樂楨
26 13
53149 41416
71927 48159
56 50
74222 90484
783 679
====================
[284]
樂楨
31 37
59947 60732
110431 104627
93 86
139094 141232
789 731
====================
[285]
樂楨
4 13
61102 49078
99094 69391
101 79
99799 116171
939 792
====================
[286]
樂楨
2 3
53964 46297
61271 41643
92 86
62398 89935
855 892
====================
[287]
樂楨
21 12
42735 34145
47915 45245
46 45
68478 63913
702 591
====================
[288]
樂楨
29 16
50701 42073
64415 58589
71 58
81586 80654
739 704
====================
[289]
樂楨
29 14
60527 48056
91268 61025
100 98
87839 116103
868 860
====================
[290]
樂楨
13 7
35744 31485
44310 22997
44 39
39405 56631
591 592
====================
[291]
樂楨
17 9
49431 40422
58468 30661
69 95
61537 75720
757 705
====================
[292]
樂楨
20 10
52863 41580
57959 43071
89 99
71467 80461
834 773
====================
[293]
樂楨
25 18
62085 54281
85250 58115
97 104
83298 112577
957 880
====================
[294]
樂楨
26 31
63815 59612
96754 89199
104 84
120355 118473
951 921
====================
[295]
樂楨
9 2
36604 27464
33002 26296
49 44
43568 50931
533 467
====================
[296]
樂楨
28 17
56598 43012
68507 65054
60 51
91589 85808
846 655
====================
[297]
樂楨
20 17
62318 53390
80971 58376
78 85
91665 107276
1034 896
====================
[298]
樂楨
22 11
47612 37070
55614 45924
64 64
70321 71418
678 646
====================
[299]
樂楨
4 6
58868 49643
77584 69466
98 83
93421 96504
886 830
====================
[300]
樂楨
45 28
89213 83184
136559 129392
165 164
174813 159571
1274 1200
====================
[301]
樂楨
20 10
51752 41965
67229 35774
90 58
60555 85676
788 778
====================
[302]
樂楨
32 21
57482 53172
92748 67489
84 104
99763 116486
742 797
====================
[303]
樂楨
38 24
63126 55992
97626 91115
79 69
126284 126717
860 840
====================
[304]
樂楨
39 18
53125 40040
81596 58434
54 58
83724 99831
704 564
====================
[305]
樂楨
5 2
36925 31693
42592 37592
54 46
53963 59966
517 525
====================
[306]
樂楨
27 7
58692 48092
76649 85341
87 68
112489 97846
860 852
====================
[307]
樂楨
22 4
50186 37223
43346 31238
79 83
50021 60997
770 745
====================
[308]
樂楨
30 16
55733 42105
96237 46984
76 59
68885 113933
770 655
====================
[309]
樂楨
30 15
55904 47968
60341 65215
90 100
91860 80287
837 853
====================
[310]
樂楨
30 13
45629 34046
66585 45259
45 45
72558 83628
617 556
====================
[311]
樂楨
26 17
57238 46998
77093 64781
98 77
89301 96812
783 808
====================
[312]
樂楨
35 14
54455 41335
65841 35012
66 98
62459 78437
640 643
====================
[313]
樂楨
30 21
61954 52427
92865 89863
101 81
131992 114548
942 767
====================
[314]
樂楨
33 16
50876 36226
66120 53955
56 42
75700 83967
645 583
====================
[315]
樂楨
15 8
32718 27923
30915 33575
39 43
48841 45990
531 433
====================
[316]
樂楨
26 19
54705 47341
68732 65397
81 74
94046 91386
883 761
====================
[317]
樂楨
28 16
65673 55322
101991 69304
137 131
108003 131234
1061 951
====================
[318]
樂楨
19 17
54336 48717
70390 67257
110 87
102570 103487
801 856
====================
[319]
樂楨
29 23
55955 48325
93617 74604
91 76
116060 116470
750 687
====================
[320]
樂楨
33 11
59732 43726
88708 54061
77 76
86459 114153
843 792
====================
[321]
樂楨
34 13
54774 43490
65481 55666
62 67
83444 90268
735 764
====================
[322]
樂楨
36 12
54317 40581
86853 51624
66 58
80026 105416
738 638
====================
[323]
樂楨
17 9
49245 45833
48218 36912
96 74
60345 69557
861 931
====================
[324]
樂楨
48 32
77234 66653
130264 124146
111 141
159298 151020
1007 970
====================
[325]
樂楨
37 26
66924 59196
123264 89263
93 130
116997 149775
965 808
====================
[326]
樂楨
31 19
51001 41677
63425 52987
63 55
74230 80073
716 594
====================
[327]
樂楨
33 12
56472 40872
74064 45937
59 58
72689 92083
727 705
====================
[328]
樂楨
35 26
71109 60620
125997 122188
104 137
163223 156916
977 936
====================
[329]
樂楨
38 21
63092 48677
103733 82705
80 82
117213 126081
805 736
====================
[330]
樂楨
18 18
53581 53285
59574 67390
100 81
94931 83084
890 876
====================
[331]
樂楨
37 35
77557 71688
147446 116595
78 97
163219 175319
1057 1145
====================
[332]
樂楨
35 34
69475 65085
140353 111226
132 95
140584 174548
1002 1006
====================
[333]
樂楨
17 10
43382 41201
46700 47170
82 61
67754 65695
740 747
====================
[334]
樂楨
23 20
59319 51972
91584 59696
80 114
83382 117684
861 847
====================
[335]
樂楨
17 2
44713 29954
49490 30528
63 68
53842 63828
734 634
====================
[336]
樂楨
30 32
77653 76011
117308 107785
129 155
137482 149328
1198 1193
====================
[337]
樂楨
32 17
60012 47037
82287 59518
64 79
83786 100213
896 785
====================
[338]
樂楨
21 9
43619 34044
39953 34626
53 41
56803 57732
701 635
====================
[339]
樂楨
30 16
56389 44009
69911 54380
67 75
84254 87722
862 761
====================
[340]
樂楨
18 12
45213 39577
58021 47699
81 63
73052 74524
709 657
====================
[341]
樂楨
32 18
59819 44085
80961 58911
94 66
88513 101938
766 756
====================
[342]
樂楨
18 23
60665 56154
81963 68503
113 83
95739 108372
1007 917
====================
[343]
樂楨
20 7
49369 33947
53064 37266
50 56
57637 68606
731 635
====================
[344]
樂楨
29 26
55482 53805
80713 77784
68 63
102624 102365
732 772
====================
[345]
樂楨
32 29
63320 57222
113628 91799
83 87
123134 135318
869 892
====================
[346]
樂楨
34 23
64230 61955
103643 90789
95 111
121354 129306
930 1004
====================
[347]
樂楨
31 14
45453 34662
46371 40472
65 44
59879 61869
690 569
====================
[348]
樂楨
20 23
72310 62720
77678 87406
128 122
120198 104243
1225 1118
====================
[350]
樂楨
29 16
55462 48325
72228 55980
82 101
78187 90444
833 836
====================
[351]
樂楨
28 9
45294 35721
51827 49863
70 72
67032 68210
688 640
====================
[352]
樂楨
35 16
53916 41246
77972 60807
66 80
86496 101217
768 713
====================
[353]
樂楨
31 10
64947 58338
85164 97249
96 126
129923 115545
1001 1023
====================
[354]
樂楨
5 2
45489 33968
64757 46314
74 50
66950 82013
616 534
====================
[355]
樂楨
41 19
58144 49120
108524 76444
106 91
105474 134284
717 722
====================
[356]
樂楨
28 6
54847 38536
52024 39283
76 54
65248 71266
817 736
====================
[357]
樂楨
28 22
58882 49433
94442 75144
70 65
101323 117533
778 690
====================
[358]
樂楨
36 28
68982 58330
91161 72419
106 88
105614 115306
938 821
====================
[359]
樂楨
24 21
66584 64253
90962 86167
103 138
114177 123500
1019 1112
====================
[360]
樂楨
25 11
43503 33924
52239 44853
45 73
62631 62079
614 575
====================
[361]
樂楨
23 15
47127 41825
64253 55304
86 72
77138 85492
718 714
====================
[362]
樂楨
44 24
78842 65356
119363 101964
140 110
135674 147369
1135 972
====================
[363]
樂楨
25 12
57550 49281
69965 58345
92 88
86486 95929
816 915
====================
[364]
樂楨
30 16
72164 59486
100658 72518
121 123
104094 129663
1042 1011
====================
[365]
樂楨
36 15
55504 39800
64257 48841
61 54
71832 84241
720 582
====================
[366]
樂楨
28 14
49102 38243
60349 45511
73 91
64997 81968
687 644
====================
[367]
樂楨
37 32
77350 64920
131999 115514
93 88
149085 169052
1049 951
====================
[368]
樂楨
38 19
71041 56409
103920 77631
99 93
124023 124407
990 907
====================
[369]
樂楨
23 11
47501 38374
56964 45925
63 61
70294 82112
763 694
====================
[370]
樂楨
31 28
70772 59152
104128 76295
117 137
116988 128805
1101 915
====================
[371]
樂楨
27 11
44462 29592
49610 39087
53 39
54490 64724
561 463
====================
[372]
樂楨
32 25
72249 64277
104864 97662
87 99
126860 138511
1005 1028
====================
[373]
樂楨
27 18
71751 67278
105163 60688
131 117
110689 135116
1132 1046
====================
[374]
樂楨
28 19
66947 54005
82621 79391
95 115
117385 103386
1048 865
====================
[375]
樂楨
23 17
62298 60446
76967 60856
99 115
88805 110808
975 1093
====================
[376]
樂楨
25 13
42108 35970
47585 34089
59 47
55571 64248
653 588
====================
[377]
樂楨
40 13
52128 35137
72718 44975
43 70
75098 85466
727 472
====================
[378]
樂楨
37 22
59127 49300
88256 90122
59 88
120333 104718
834 702
====================
[379]
樂楨
29 16
55093 42106
77019 65002
65 69
101492 91635
798 600
====================
[380]
樂楨
32 13
41566 31565
61500 53914
51 40
70761 72248
553 515
====================
[381]
樂楨
31 31
74503 69519
115274 108744
112 105
145089 141463
1063 1137
====================
[382]
樂楨
41 22
91241 71722
130172 122109
128 120
166375 162006
1334 1146
====================
[383]
樂楨
24 18
50775 45034
69046 65574
62 65
91544 87910
739 774
====================
[384]
樂楨
32 8
36272 24290
51519 27321
36 30
45337 59922
454 386
====================
[385]
樂楨
31 28
72949 64667
110701 96861
103 107
141098 136079
1087 994
====================
[386]
樂楨
32 20
57276 49534
88852 71121
66 71
95655 112435
805 786
====================
[387]
樂楨
29 13
53622 40773
70050 56827
62 55
85678 87197
737 662
====================
[388]
樂楨
12 5
59581 45385
82787 69802
73 74
98332 100034
745 605
====================
[390]
樂楨
25 20
61552 51889
79863 80412
101 71
113718 106303
926 784
====================
[391]
樂楨
24 21
45425 41667
63574 50517
75 56
71125 83115
629 669
====================
[392]
樂楨
32 19
56706 45158
74226 47970
65 56
73919 98982
726 711
====================
[393]
樂楨
24 8
46498 32473
49115 41668
57 62
60338 62351
684 596
====================
[394]
樂楨
29 21
54893 41563
82346 52219
71 82
79644 102206
802 595
====================
[395]
樂楨
38 7
47056 27196
54522 26890
51 39
55480 63206
575 376
====================
[396]
樂楨
26 18
63820 55140
76324 66671
103 103
99053 105437
1029 909
====================
[397]
樂楨
32 15
60171 41475
99168 57547
69 68
87653 117021
856 644
====================
[398]
樂楨
34 21
53797 45388
83414 60340
59 72
84815 101720
701 635
====================
[399]
樂楨
44 27
58526 46774
103193 80613
45 59
115369 120214
696 644
====================
[400]
樂楨
22 6
34724 22636
37257 25987
27 35
40602 49882
479 373
====================
[401]
樂楨
26 19
44627 37571
50277 44817
53 62
63373 65768
622 575
====================
[402]
樂楨
27 12
49924 37528
60699 34373
64 46
59861 80051
691 621
====================
[403]
樂楨
23 12
37909 30371
50032 36073
42 53
46246 64845
466 467
====================
[404]
樂楨
7 13
79234 70338
117784 114886
91 120
152132 140894
1036 943
====================
[405]
樂楨
27 14
50127 38942
53783 54393
63 58
69943 70294
736 617
====================
[406]
樂楨
35 24
64437 51265
107467 68745
94 84
102039 126300
837 790
====================
[407]
樂楨
26 26
65760 59580
85261 76578
93 112
103828 108798
946 883
====================
[408]
樂楨
22 12
52744 45336
50535 45889
72 71
67558 71705
814 756
====================
[409]
樂楨
32 17
71940 61155
103762 99732
95 106
128458 135971
1047 1085
====================
[410]
樂楨
34 15
59103 40810
85330 47246
68 59
68541 105015
749 665
====================
[411]
樂楨
34 35
89872 87827
134437 127566
151 134
157489 171195
1343 1324
====================
[412]
樂楨
34 16
54797 46543
95077 86661
65 71
112877 120300
762 677
====================
[413]
樂楨
33 18
57108 48230
69659 66482
67 96
99050 85476
712 709
====================
[414]
樂楨
32 20
75928 62048
99327 107801
105 153
150364 122030
1273 951
====================
[415]
樂楨
37 13
57221 45996
73441 70295
64 87
96510 90021
740 779
====================
[416]
樂楨
17 9
35715 26096
40815 27775
42 31
45366 52345
567 439
====================
[417]
樂楨
30 12
53902 42714
80324 47673
69 84
78398 95496
726 740
====================
[418]
樂楨
41 30
67801 60785
112630 94182
87 90
126913 139321
878 928
====================
[419]
樂楨
8 9
59188 50375
88747 64296
65 74
100169 111397
906 863
====================