********** REPORT **********
userName: adidasu
Data length: 236
  **** format ****
gameType
챔피언 처치
골드 획득량
챔피언에게 가한 피해량
와드 설치
받은 피해량
CS
========================================
[0]
일반
44 33
70970 61694
146186 105727
84 60
145043 171867
865 743
====================
[1]
무작위 총력전
37 25
48503 46705
84083 70998
0 0
77968 89412
184 160
====================
[2]
무작위 총력전
65 49
85135 79743
231916 154778
0 0
163291 254085
377 362
====================
[3]
무작위 총력전
49 45
71035 68162
144291 131639
0 0
144459 152641
279 259
====================
[4]
무작위 총력전
45 39
63826 59985
118279 107927
0 0
117472 124711
233 228
====================
[5]
일반
25 2
35774 19526
39929 18368
25 26
32771 50728
459 301
====================
[6]
일반
44 15
50524 35861
77140 50086
32 19
82065 112770
539 382
====================
[7]
무작위 총력전
63 62
80573 78657
214109 171938
0 0
193788 226439
320 307
====================
[8]
무작위 총력전
28 25
54330 51099
87852 75087
0 0
88718 94704
190 178
====================
[9]
무작위 총력전
66 54
83186 78837
192350 188630
0 0
204926 211885
313 318
====================
[10]
무작위 총력전
38 26
51888 49504
77906 69942
0 0
83382 83251
188 149
====================
[11]
무작위 총력전
37 26
60827 56218
111046 95891
0 0
108013 122998
243 225
====================
[12]
일반
34 16
51346 40957
96917 60150
37 42
89012 113032
684 586
====================
[13]
일반
43 21
61940 50008
96433 63194
64 71
98522 117186
725 713
====================
[14]
무작위 총력전
45 18
49022 41683
75790 52171
0 0
62011 79472
148 134
====================
[15]
일반
41 14
56066 41033
76041 61838
44 31
95586 101247
800 569
====================
[16]
일반
48 41
78116 69432
119240 104643
103 98
140475 150475
830 887
====================
[17]
무작위 총력전
38 41
76003 74424
151038 134152
0 0
147721 161498
304 357
====================
[18]
무작위 총력전
42 30
53030 47435
77414 61012
0 0
71168 80784
197 192
====================
[19]
일반
35 6
44752 27564
55518 29847
38 35
57129 73395
575 400
====================
[20]
일반
44 32
74240 67361
144117 140559
71 66
187425 183962
976 967
====================
[21]
일반
41 28
56193 44925
94891 74386
34 45
113514 111638
678 542
====================
[22]
일반
42 27
63865 56894
118907 84852
65 72
116416 142256
845 797
====================
[23]
일반
47 24
58309 48682
92219 72414
57 54
99936 112501
673 625
====================
[24]
일반
23 14
41135 30042
44743 28831
5 7
61927 57599
566 332
====================
[25]
일반
36 16
57839 43872
82111 55485
67 45
81160 103043
716 645
====================
[26]
일반
48 32
75077 61644
130148 121686
73 68
166176 164933
996 851
====================
[27]
일반
49 27
68284 53508
124491 93491
56 77
124476 150214
873 701
====================
[28]
무작위 총력전
46 49
72352 70565
151326 159625
0 0
170426 159664
283 302
====================
[29]
무작위 총력전
43 42
66383 66159
107664 123419
0 0
139339 121528
202 235
====================
[30]
무작위 총력전
39 51
74825 76375
144575 173526
0 0
189034 157891
329 345
====================
[31]
무작위 총력전
41 20
54949 47064
96018 70877
0 0
74675 101062
215 180
====================
[32]
무작위 총력전
33 18
52339 46036
58905 61678
0 0
67162 64002
208 184
====================
[33]
무작위 총력전
43 28
56079 50936
92841 67654
0 0
70866 100458
191 206
====================
[34]
무작위 총력전
53 40
60502 58497
103353 100731
0 0
110907 114413
199 203
====================
[35]
일반
25 13
39504 29894
44999 36033
29 32
59048 59827
521 438
====================
[36]
무작위 총력전
35 24
60060 55167
95564 88165
0 0
96657 98731
238 216
====================
[37]
무작위 총력전
46 54
65846 64167
129201 136245
0 0
145793 139410
277 210
====================
[38]
무작위 총력전
43 40
62585 60555
104274 123008
0 0
139558 109206
241 222
====================
[39]
무작위 총력전
51 40
61617 56321
116957 112064
0 0
129744 123849
214 195
====================
[40]
일반
29 12
41357 36032
49735 43239
35 34
58049 70152
544 613
====================
[41]
일반
37 19
45189 33475
54697 43437
37 30
63842 69646
497 427
====================
[42]
일반
35 19
50880 44494
76577 49784
60 45
70729 97119
606 565
====================
[43]
일반
** 다시하기 **
====================
[44]
무작위 총력전
53 42
63744 60696
136199 104969
0 0
117404 147138
258 218
====================
[45]
무작위 총력전
35 26
51268 45604
80133 67479
0 0
85593 82384
212 168
====================
[46]
일반
19 3
32704 21072
30710 24455
26 22
42698 41347
468 338
====================
[47]
솔랭
48 41
76845 72083
142368 123548
75 84
148381 172806
913 857
====================
[48]
일반
46 24
55693 49195
94693 63407
59 59
83267 118580
640 624
====================
[49]
무작위 총력전
64 81
88456 96849
178256 209033
0 0
229694 186770
353 365
====================
[50]
일반
41 24
56274 45922
85879 62524
41 56
99470 101703
698 614
====================
[51]
무작위 총력전
48 46
67153 63163
117168 116786
0 0
131063 126686
261 208
====================
[52]
일반
43 34
69754 63014
109330 119603
68 78
156543 136098
810 841
====================
[53]
일반
29 25
62577 59831
111122 70193
90 67
91721 136689
819 954
====================
[54]
무작위 총력전
40 23
58002 54426
86902 55479
0 0
58893 91701
246 236
====================
[55]
일반
41 39
64599 65337
120176 107588
78 76
136054 149747
749 744
====================
[56]
일반
38 23
66112 55865
103064 75498
77 59
113216 127470
883 849
====================
[57]
일반
24 12
40133 32251
50805 39905
36 41
63941 65630
593 500
====================
[58]
일반
19 7
34305 27567
40402 33421
40 36
48735 57237
553 468
====================
[59]
일반
34 16
52203 39953
82762 63282
50 47
92554 102651
635 556
====================
[60]
솔랭
33 27
53441 47996
93597 78642
39 43
113888 120648
696 626
====================
[61]
무작위 총력전
70 34
80574 71212
187124 158910
0 0
179510 198735
313 277
====================
[62]
일반
41 19
57851 42891
82908 57019
49 34
83363 101360
705 587
====================
[63]
무작위 총력전
57 45
72258 67374
133490 124544
0 0
132028 141931
286 274
====================
[64]
무작위 총력전
58 58
76248 74207
159666 155117
0 0
174472 174383
301 289
====================
[65]
일반
32 19
57594 51586
85797 63730
50 67
98136 110224
773 740
====================
[66]
일반
42 33
69384 65845
118040 150350
65 62
186988 147406
907 844
====================
[67]
일반
28 12
41196 35302
53185 42801
55 40
61414 69783
531 518
====================
[68]
솔랭
49 38
69612 64383
136002 112488
59 81
147702 168064
761 773
====================
[69]
일반
38 27
70144 63311
135456 100172
92 81
132486 170529
874 880
====================
[70]
일반
33 18
52579 45590
77813 60657
60 46
89715 91362
718 629
====================
[71]
일반
42 22
65083 56323
128470 113714
72 68
153137 157181
782 777
====================
[72]
일반
27 50
62827 70249
88874 121382
50 65
158492 121247
816 818
====================
[73]
일반
33 13
56359 44118
72085 53958
47 53
84063 97119
716 673
====================
[74]
일반
23 7
31750 22549
40863 28586
27 30
40568 51357
413 331
====================
[75]
무작위 총력전
47 49
76061 76727
158349 183193
0 0
191361 177752
285 338
====================
[76]
무작위 총력전
45 38
74488 69373
156960 140315
0 0
146668 166343
305 288
====================
[77]
무작위 총력전
24 16
39809 36156
51778 45032
0 0
51941 55401
140 136
====================
[78]
일반
42 21
68121 53844
100428 87350
62 43
128079 128908
873 747
====================
[79]
일반
42 35
68234 59274
112389 90890
64 79
118042 136009
702 743
====================
[80]
일반
22 16
38564 31814
49466 33693
33 24
53060 59593
481 356
====================
[81]
일반
47 43
71380 70905
152743 127539
83 97
151276 182011
853 832
====================
[82]
무작위 총력전
57 51
69020 67213
140189 124376
0 0
131246 153838
242 247
====================
[83]
무작위 총력전
74 63
90275 86730
250272 186065
0 0
200628 265880
400 321
====================
[84]
무작위 총력전
57 55
63945 64293
152950 125935
0 0
138762 164211
244 238
====================
[85]
무작위 총력전
49 24
58474 50808
109631 75866
0 0
89091 115243
193 201
====================
[86]
무작위 총력전
36 29
46912 44404
69163 62304
0 0
68249 72187
142 112
====================
[87]
일반
19 7
31324 23667
36455 20219
28 30
33579 46586
416 369
====================
[88]
자유 5:5 랭크
15 30
46252 36922
57516 49968
38 41
77362 71279
569 528
====================
[89]
무작위 총력전
53 36
58632 53171
115469 112391
0 0
120506 123408
216 204
====================
[90]
일반
30 10
42102 27595
47541 33069
42 24
55231 61394
526 324
====================
[91]
일반
40 11
40234 27269
57388 29444
22 16
53911 75156
463 301
====================
[92]
일반
25 13
36266 27993
39463 29004
32 24
49135 52732
494 384
====================
[93]
일반
21 14
39060 34313
46592 39269
46 29
62025 68735
553 517
====================
[94]
무작위 총력전
62 40
71482 66657
126919 125586
0 0
141526 132333
240 276
====================
[95]
무작위 총력전
27 18
32832 29007
39567 28516
0 0
34622 40877
107 76
====================
[96]
일반
19 12
40330 33691
43387 36246
48 35
57824 61294
579 523
====================
[97]
일반
7 5
39293 31765
44046 38283
45 34
57535 57400
539 430
====================
[98]
일반
3 3
29082 25448
36785 31333
29 23
45553 47345
392 391
====================
[99]
일반
29 15
48539 46254
81579 47803
50 52
70700 105859
619 733
====================
[100]
일반
25 16
41330 35727
41010 39955
41 36
61588 60204
509 512
====================
[101]
솔랭
31 16
42591 38493
63952 50824
41 47
72800 82696
574 609
====================
[102]
무작위 총력전
49 48
76180 73971
136818 160528
0 0
181175 145428
293 303
====================
[103]
일반
17 4
29378 21082
29891 12767
26 24
26430 39271
435 384
====================
[104]
일반
29 15
50855 42370
61681 46721
65 58
74267 81515
721 626
====================
[105]
일반
37 14
57529 40745
100646 67003
43 38
97548 125278
705 608
====================
[106]
솔랭
12 2
25521 13624
14064 9976
21 10
22255 18773
349 166
====================
[107]
일반
28 5
39320 20223
38072 19939
30 15
41744 43599
544 253
====================
[108]
일반
24 14
39746 35196
54575 59530
42 51
80882 76375
614 520
====================
[109]
일반
31 14
43718 36104
55726 39290
39 40
57761 73583
565 528
====================
[110]
일반
30 13
44688 35303
59869 45771
42 40
70887 78760
583 574
====================
[111]
일반
27 7
39196 27900
52565 31510
36 32
52113 68859
505 428
====================
[112]
일반
47 20
68044 57162
107305 104640
62 59
135451 138649
823 846
====================
[113]
무작위 총력전
57 42
65623 61677
134666 112477
0 0
121073 147177
227 251
====================
[114]
무작위 총력전
30 26
42974 38844
60119 51914
0 0
59869 67286
147 129
====================
[115]
일반
9 6
51019 40729
65147 65052
54 45
105303 82348
764 633
====================
[116]
일반
38 31
58660 53530
88770 73142
64 72
100232 104313
737 631
====================
[117]
일반
1 8
39728 32278
43532 36936
39 34
60140 60810
562 462
====================
[118]
일반
47 47
83223 79739
190124 149509
96 74
181639 222353
996 913
====================
[119]
일반
21 10
30164 24601
30397 22102
24 19
36002 41972
469 363
====================
[120]
일반
21 13
42451 39505
59049 37996
39 33
60487 82282
594 666
====================
[121]
솔랭
28 20
55062 50853
86305 84623
63 47
120964 119654
718 740
====================
[122]
일반
28 24
61062 57123
70558 60830
41 63
99927 98893
859 808
====================
[123]
일반
32 17
47411 35628
60169 50318
32 43
76623 78865
600 468
====================
[124]
솔랭
27 17
48355 40766
57110 38724
54 43
65341 76762
721 653
====================
[125]
일반
31 20
53901 44308
79119 61124
43 56
84499 96794
739 546
====================
[126]
일반
19 14
40346 34392
40265 33190
40 33
62937 57033
628 502
====================
[127]
일반
28 7
39264 22060
40748 16248
27 22
37959 54041
522 304
====================
[128]
일반
33 15
45342 34549
56097 43615
40 29
70931 78107
588 536
====================
[129]
일반
38 22
53273 42860
92308 65502
50 47
93519 109970
640 506
====================
[130]
일반
17 5
35185 25509
31810 23166
35 26
36223 49704
504 447
====================
[131]
일반
27 7
34418 23313
32176 27574
25 21
43538 43147
394 317
====================
[132]
일반
24 18
53327 44815
78141 61010
58 54
92432 102831
707 681
====================
[133]
일반
39 20
58836 54891
98260 77767
61 67
110541 130587
737 805
====================
[134]
일반
28 29
58021 54147
65887 82931
53 67
113219 86669
813 728
====================
[135]
일반
26 13
46048 35440
60664 45457
40 38
72150 85669
686 575
====================
[136]
일반
27 14
41662 32589
54937 46586
48 30
64239 72223
519 434
====================
[137]
일반
** 다시하기 **
====================
[138]
일반
27 18
44198 34494
53611 40048
45 45
64612 66565
554 416
====================
[139]
일반
40 19
49130 37756
68953 49661
38 37
72764 88943
509 479
====================
[140]
일반
23 37
52174 55267
78321 79846
60 57
105433 102244
723 679
====================
[141]
일반
48 21
58774 48803
93507 50137
52 40
74407 115879
647 697
====================
[142]
무작위 총력전
49 27
51383 44269
98618 62874
0 0
67840 108072
159 132
====================
[143]
일반
50 41
78318 72255
185272 178437
89 89
216790 213907
900 768
====================
[144]
일반
42 24
64789 50469
109524 92046
47 54
128657 131179
805 696
====================
[145]
일반
30 23
59182 49773
76344 73985
50 64
110993 101653
801 741
====================
[146]
일반
38 25
52547 40904
82778 60692
47 27
90318 107436
673 512
====================
[147]
일반
31 11
44618 35644
68422 49151
46 51
71295 90497
545 494
====================
[148]
일반
41 27
59947 50018
99410 61858
49 44
93079 123977
752 703
====================
[149]
일반
24 13
54594 43300
72928 58627
50 59
87948 102661
834 673
====================
[150]
일반
1 9
33199 21432
36996 24891
25 27
38574 44883
435 319
====================
[151]
일반
25 15
46421 40610
57297 59586
31 48
85172 81421
587 567
====================
[152]
일반
40 22
69769 60563
104513 115257
86 85
147373 130644
852 806
====================
[153]
일반
26 14
45894 34439
58202 38733
32 31
71661 74355
624 434
====================
[154]
일반
25 11
40501 28785
53679 45528
34 38
71571 66883
571 412
====================
[155]
일반
44 33
67249 61077
97376 92230
74 58
126687 124469
848 786
====================
[156]
일반
4 6
29874 21695
27462 14660
35 24
27764 35277
472 351
====================
[157]
일반
3 7
30835 22856
33876 22084
31 25
42690 47257
458 386
====================
[158]
일반
18 5
29335 22954
26546 18861
30 25
26618 40389
389 372
====================
[159]
일반
42 32
63560 62705
114640 114180
66 53
142810 158607
681 904
====================
[160]
일반
31 24
48719 40641
69124 46422
43 17
81584 87172
595 426
====================
[161]
일반
19 7
30736 23722
26620 27510
24 16
44024 42042
423 373
====================
[162]
일반
43 48
58918 59719
98732 97905
53 48
125871 129560
607 688
====================
[163]
일반
38 17
51839 40488
82029 51410
50 34
78990 100433
626 587
====================
[164]
일반
37 19
46062 36439
65860 44182
46 55
72541 78429
545 436
====================
[165]
일반
41 16
50570 34335
72079 44990
30 37
67530 86428
571 428
====================
[166]
무작위 총력전
37 31
51890 49267
73795 61430
0 0
71247 84309
179 162
====================
[167]
일반
31 13
41828 33535
55306 40456
41 36
63829 70171
557 468
====================
[168]
일반
18 8
36136 27106
42783 29545
40 33
50392 59693
566 474
====================
[169]
일반
60 50
74470 73016
136361 132980
66 63
163710 161537
722 689
====================
[170]
일반
40 35
68977 62123
116104 111886
78 95
144379 150220
812 702
====================
[171]
일반
58 44
73853 67323
144753 128291
54 74
170785 169789
773 706
====================
[172]
일반
15 7
29284 21591
26761 25169
31 24
41187 30175
389 246
====================
[173]
일반
23 10
43958 34924
62926 42232
42 39
67677 81116
589 560
====================
[174]
일반
19 5
40789 28906
45854 37193
37 39
61792 60327
615 497
====================
[175]
일반
20 8
30717 23273
30924 23612
29 20
38420 39109
430 383
====================
[176]
무작위 총력전
43 42
58245 55561
107372 72656
0 0
80540 117750
217 191
====================
[177]
무작위 총력전
31 25
47139 44457
63408 77576
0 0
85789 72669
160 157
====================
[178]
일반
39 20
51272 42808
80189 60631
53 47
87523 98293
639 585
====================
[179]
무작위 총력전
43 25
55614 50450
108242 81624
0 0
87332 117937
208 189
====================
[180]
무작위 총력전
69 59
78585 71795
172772 146631
0 0
156914 183420
314 265
====================
[181]
일반
40 51
72476 70998
125840 115095
77 72
147360 157969
813 750
====================
[182]
일반
38 23
62665 52917
109533 82301
48 61
120995 132520
847 715
====================
[183]
일반
12 7
27304 21414
28008 22487
23 22
40934 37750
404 318
====================
[184]
일반
34 20
51652 40668
71144 58430
44 54
83599 88652
580 466
====================
[185]
일반
22 12
38848 34539
49938 34478
37 36
56680 67542
503 424
====================
[186]
일반
39 30
62182 55405
97732 93440
56 60
122283 122764
750 669
====================
[187]
일반
11 8
60540 46457
78950 72424
49 35
110822 93709
714 525
====================
[188]
일반
41 23
73997 58737
107567 117416
54 57
168110 133055
833 835
====================
[189]
일반
37 14
57441 44606
93791 51675
62 53
82419 119708
769 707
====================
[190]
일반
44 18
61559 49594
92868 86666
44 44
125627 129476
747 657
====================
[191]
일반
35 17
47840 45018
78109 56189
42 39
74841 100458
503 676
====================
[192]
무작위 총력전
53 37
65193 58170
112273 94905
0 0
104098 116280
233 229
====================
[193]
일반
43 34
67075 62913
114777 124879
81 79
164082 154905
814 830
====================
[194]
일반
38 38
71235 64244
115703 89940
70 60
139680 158740
940 915
====================
[195]
일반
41 27
71214 61869
125568 111934
60 93
157244 162275
958 804
====================
[196]
솔랭
44 20
53569 42140
76528 56728
43 40
80971 93110
590 599
====================
[197]
일반
8 10
47903 37532
56837 43302
49 35
68226 71219
637 572
====================
[198]
일반
32 21
48425 40139
71648 48142
55 38
67807 91081
559 493
====================
[199]
일반
5 4
20314 11752
10576 7005
11 3
19447 13813
229 115
====================
[200]
일반
51 25
64897 47274
99181 83290
48 35
115026 109692
701 554
====================
[201]
일반
20 12
34499 30521
36481 40165
28 33
52506 51223
458 464
====================
[202]
일반
10 20
34922 27730
39285 32155
35 26
49054 51230
518 460
====================
[203]
일반
19 6
33165 24289
33435 26889
25 24
42527 47296
478 392
====================
[204]
일반
36 26
57743 56154
113780 93422
52 81
124647 139046
647 696
====================
[205]
일반
52 46
83200 79974
176624 179458
96 100
210817 207670
899 932
====================
[206]
일반
39 31
61430 55931
113280 80206
68 69
109886 141800
718 699
====================
[207]
무작위 총력전
63 33
59098 52551
125163 90727
0 0
107671 132666
188 184
====================
[208]
일반
19 9
29203 23395
28992 22124
29 19
33631 39908
394 340
====================
[209]
무작위 총력전
43 46
65865 63463
97748 108596
0 0
114577 106002
240 199
====================
[210]
일반
36 15
52743 40894
71779 45141
44 33
79394 88120
632 553
====================
[211]
일반
27 20
55609 50191
80100 69650
59 62
98150 122262
752 741
====================
[212]
일반
9 8
40874 30895
55505 35232
30 25
54599 72287
523 501
====================
[213]
일반
23 9
35221 23038
34366 25605
29 17
48630 44489
487 299
====================
[214]
일반
20 5
30827 22281
31945 17660
35 19
31447 44824
440 394
====================
[215]
일반
19 15
41467 36783
43543 43929
40 36
67307 66954
622 561
====================
[216]
일반
12 12
28040 24158
25734 22122
23 19
34163 38301
369 267
====================
[217]
일반
6 9
47664 32376
59898 30620
41 39
59373 79006
650 564
====================
[218]
일반
16 3
29402 20656
29976 13002
28 28
28171 40160
386 323
====================
[219]
일반
16 7
34613 24548
33906 25374
32 32
42017 49481
506 375
====================
[220]
일반
9 5
31529 19518
15824 13934
22 10
20348 23304
402 185
====================
[221]
일반
15 9
32249 25791
29702 24355
24 27
41106 45103
457 362
====================
[222]
일반
9 7
26418 22551
17780 23265
22 21
39310 38753
437 382
====================
[223]
일반
33 29
73032 67394
131104 104316
72 75
145331 164030
1037 969
====================
[224]
일반
26 14
41106 29806
63750 35618
42 28
54926 80879
471 395
====================
[225]
일반
26 20
42180 36585
46607 39699
38 41
59988 69306
495 480
====================
[226]
일반
52 64
86387 93330
182163 196266
53 77
241383 228360
909 1120
====================
[227]
일반
24 11
59314 49941
89071 79333
53 61
113392 117081
883 874
====================
[228]
일반
22 10
34815 27295
33689 30424
34 33
43895 48335
484 399
====================
[229]
일반
64 56
93590 88051
237320 233550
100 96
288700 271851
908 1018
====================
[230]
무작위 총력전
46 44
60814 56557
125096 85105
0 0
90892 131606
223 224
====================
[231]
무작위 총력전
51 62
66654 66463
153025 123189
0 0
130970 169532
243 213
====================
[232]
무작위 총력전
33 8
40083 32791
57051 25579
0 0
28434 60628
129 119
====================
[233]
일반
36 31
55730 50016
92836 86887
41 61
110392 111531
662 617
====================
[234]
무작위 총력전
6 5
45105 42223
57260 56117
0 0
64411 60894
170 140
====================
[235]
무작위 총력전
55 44
57888 56897
138712 100725
0 0
108141 156392
181 211
====================